00000000011001000101000000100000
00000001000010010100000000100010
00000000010000010001000000100101
00000001100011010111100000100000
00000000101001100011100000100010
00000001110100000101100000100101
00000000010000110000100000100000
00000000101001100010000000100010
00000001000010010011100000100101
00000010010100111000100000100000
00000010101101101010000000100010
00000011000110011011100000100101
00000000011001000101000000100000
00000011011111001101000000100000
00000011110111111110100000100010
00000000001000100000000000100101
